# Number of obs
70
# Age vector
6
7
8
9
10
11
12
13
14
15
16
17
18
19
20
21
22
23
24
25
26
27
28
29
30
31
32
33
34
35
36
37
38
39
40
41
42
43
44
45
46
47
48
49
50
51
52
53
54
55
56
57
58
59
60
61
62
63
64
65
66
67
68
69
70
71
72
73
74
75
# Percent agreement vector
1
0
-9
0.333333333333333
0.125
0.333333333333333
0.0454545454545455
0.0277777777777778
0.027027027027027
0.0147058823529412
0.0114942528735632
0.00704225352112676
0.00699300699300699
0.00735294117647059
0.00515463917525773
0.00371747211895911
0.0036101083032491
0.00313479623824451
0.0036231884057971
0.00346020761245675
0.00328947368421053
0.00384615384615385
0.00354609929078014
0.0037593984962406
0.00317460317460317
0.00333333333333333
0.00285714285714286
0.00285714285714286
0.00390625
0.00431034482758621
0.00469483568075117
0.00602409638554217
0.00581395348837209
0.00574712643678161
0.00549450549450549
0.00540540540540541
0.00467289719626168
0.00531914893617021
0.00444444444444444
0.0048780487804878
0.00595238095238095
0.00628930817610063
0.00662251655629139
0.00588235294117647
0.0062111801242236
0.00714285714285714
0.0125
0.00819672131147541
0.0114942528735632
0.0131578947368421
0.0102040816326531
0.0138888888888889
0.0140845070422535
0.0153846153846154
0.0169491525423729
0.027027027027027
0.024390243902439
0.037037037037037
0.025
0.0208333333333333
0.027027027027027
0.05
0.0454545454545455
0.0384615384615385
0.04
0.05
0.0285714285714286
0.0588235294117647
0.0476190476190476
0.04
# Sample size vector
1
1
-9
3
8
3
22
36
37
68
87
142
143
136
194
269
277
319
276
289
304
260
282
266
315
300
350
350
256
232
213
166
172
174
182
185
214
188
225
205
168
159
151
170
161
140
80
122
87
76
98
72
71
65
59
37
41
27
40
48
37
20
22
26
25
20
35
17
21
25
